295.7778	193.2222
295.6308	193.7001
295.4837	194.1780
295.3367	194.6559
295.0741	195.0814
294.8091	195.5054
294.5687	195.9438
294.3317	196.3841
294.1009	196.8276
293.8728	197.2726
293.6085	197.6970
293.3065	198.0955
292.9772	198.4718
292.6381	198.8392
292.2908	199.1989
291.9398	199.5550
291.6732	199.9779
291.5152	200.4523
291.3573	200.9267
291.2654	201.4182
291.3106	201.9162
291.3559	202.4141
291.4011	202.9121
291.5129	203.3994
291.6585	203.8777
291.8040	204.3561
291.9986	204.8167
292.1937	205.2771
292.3409	205.7549
292.4576	206.2411
292.5743	206.7273
292.6911	207.2134
292.7397	207.7111
292.7033	208.2098
292.6670	208.7084
292.6307	209.2071
292.5943	209.7058
292.5330	210.2020
292.4635	210.6972
292.3940	211.1923
292.3245	211.6875
292.2550	212.1826
292.2000	212.6796
292.2347	213.1784
292.2693	213.6772
292.3039	214.1760
292.3386	214.6748
292.3732	215.1736
292.4257	215.6708
292.5251	216.1608
292.6246	216.6508
292.7241	217.1408
292.8324	217.6290
292.9679	218.1102
293.1034	218.5915
293.2389	219.0728
293.4599	219.5213
293.7015	219.9591
293.9968	220.3626
294.2960	220.7632
294.5433	221.1977
294.7881	221.6337
295.0191	222.0771
295.2502	222.5206
295.4273	222.9881
295.6044	223.4557
295.7389	223.9373
295.6813	224.4340
295.6238	224.9306
295.5454	225.4245
295.4183	225.9081
295.2913	226.3916
295.1592	226.8739
295.0111	227.3514
294.8630	227.8290
294.7026	228.3026
294.4496	228.7338
294.1843	229.1577
293.8690	229.5457
293.5382	229.9206
293.1966	230.2857
292.8475	230.6437
292.5638	231.0554
292.3075	231.4847
292.0688	231.9240
291.8351	232.3661
291.5549	232.7802
291.2496	233.1762
290.9131	233.5460
290.7165	234.0057
290.6571	234.5022
290.5978	234.9986
290.5385	235.4951
290.4791	235.9916
290.4198	236.4880
290.3604	236.9845
290.3011	237.4810
290.2436	237.9777
290.1974	238.4755
290.1513	238.9734
290.1051	239.4713
290.0590	239.9691
290.0128	240.4670
289.9667	240.9649
289.9206	241.4627
289.8744	241.9606
289.8282	242.4585
289.7821	242.9563
289.7197	243.4524
289.6202	243.9424
289.5208	244.4324
289.4214	244.9225
289.3221	245.4125
289.2659	245.9093
289.3215	246.4062
289.3772	246.9031
289.4806	247.3923
289.6929	247.8450
289.9491	248.2744
290.2514	248.6726
290.5859	249.0443
290.9279	249.4090
291.2759	249.7680
291.6275	250.1235
291.9800	250.4781
292.2844	250.8747
292.4159	251.3571
292.5474	251.8396
292.6789	252.3219
292.7993	252.8072
292.9065	253.2956
293.0136	253.7840
293.1208	254.2724
293.2280	254.7607
293.4161	255.2240
293.6242	255.6787
293.8664	256.1161
294.1577	256.5225
294.3795	256.9706
294.5675	257.4339
294.7481	257.9001
294.6894	258.3967
294.6308	258.8932
294.5396	259.3849
294.3218	259.8349
294.0176	260.2317
293.6186	260.5330
293.2030	260.8111
292.7692	261.0596
292.3324	261.3030
291.8894	261.5348
291.4461	261.7660
291.0002	261.9923
290.5544	262.2186
290.1077	262.4434
289.6609	262.6679
289.2140	262.8920
288.7669	263.1159
288.3373	263.3716
287.9374	263.6718
287.5581	263.9976
287.1893	264.3352
286.8294	264.6823
286.4729	265.0329
286.1177	265.3848
285.7635	265.7376
285.4096	266.0909
285.0559	266.4443
284.7023	266.7978
284.3487	267.1513
283.9951	267.5049
283.6416	267.8584
283.2881	268.2119
282.9345	268.5655
282.5809	268.9191
282.2274	269.2726
281.8738	269.6262
281.5203	269.9797
281.1467	270.3120
280.7179	270.5692
280.2851	270.8196
279.8432	271.0536
279.4079	271.2996
279.0121	271.6050
278.6295	271.9270
278.2570	272.2604
277.8260	272.5140
277.3943	272.7661
276.9518	272.9990
276.5093	273.2319
276.1090	273.5315
275.7199	273.8455
275.3500	274.1819
274.9885	274.5273
274.6305	274.8764
274.2750	275.2280
273.9207	275.5808
273.6150	275.9764
273.3575	276.4050
273.1136	276.8415
272.8796	277.2834
272.6487	277.7268
272.4217	278.1724
272.1953	278.6181
271.9705	279.0648
271.7443	279.5107
271.4437	279.9102
271.0423	280.2084
270.5516	280.3045
270.0609	280.4005
269.5703	280.4966
269.0796	280.5927
268.5889	280.6888
268.0893	280.7091
267.5898	280.6886
267.0902	280.6681
266.5906	280.6475
266.0910	280.6270
265.5914	280.6065
265.0919	280.5859
264.5934	280.5459
264.0978	280.4798
263.6022	280.4137
263.1066	280.3476
262.6110	280.2815
262.1154	280.2155
261.6154	280.2165
261.1169	280.2556
260.6185	280.2946
260.1200	280.3337
259.6215	280.3728
259.1268	280.4453
258.6430	280.5715
258.1592	280.6977
257.6785	280.8355
257.2136	281.0195
256.7487	281.2036
256.3147	281.4518
255.8999	281.7309
255.5178	282.0535
255.1454	282.3871
254.7828	282.7314
254.4259	283.0815
254.0703	283.4330
253.7158	283.7856
253.3619	284.1388
253.0081	284.4922
252.6545	284.8456
252.3009	285.1992
251.9473	285.5527
251.5938	285.9062
251.2402	286.2598
250.8867	286.6133
250.5331	286.9669
250.1796	287.3205
249.8260	287.6740
249.4724	288.0276
249.1189	288.3811
248.7653	288.7347
248.4118	289.0882
248.0582	289.4418
247.7161	289.8064
247.4589	290.2352
247.1870	290.6548
246.8562	291.0297
246.5254	291.4046
246.1371	291.7197
245.7248	292.0026
245.3028	292.2708
244.8665	292.5150
244.4073	292.7127
243.9129	292.6380
243.4202	292.5530
242.9397	292.4146
242.4592	292.2762
241.9623	292.2206
241.4673	292.2911
240.9723	292.3616
240.4865	292.4796
240.0146	292.6448
239.5435	292.8126
239.0868	293.0160
238.6300	293.2194
238.1438	293.3358
237.6519	293.4254
237.1600	293.5151
236.6681	293.6048
236.1762	293.6945
235.6789	293.7469
235.1796	293.7206
234.6803	293.6942
234.1810	293.6678
233.6817	293.6415
233.1824	293.6152
232.6831	293.5888
232.1974	293.4699
231.7156	293.3365
231.2337	293.2031
230.7969	292.9598
230.3673	292.7039
229.9791	292.3888
229.6025	292.0599
229.2370	291.7188
228.8790	291.3697
228.5230	291.0186
228.1682	290.6663
227.8141	290.3133
227.4604	289.9599
227.1067	289.6065
226.7531	289.2530
226.3995	288.8995
226.0459	288.5459
225.6924	288.1924
225.3388	287.8388
224.9266	287.5559
224.4978	287.2987
224.0583	287.0603
223.6164	286.8263
223.2043	286.5433
222.8094	286.2366
222.4396	285.9001
222.0756	285.5573
221.7168	285.2090
221.3613	284.8574
220.9266	284.6104
220.4669	284.4137
219.9907	284.2612
219.4943	284.3208
218.9978	284.3803
218.5054	284.4670
218.0222	284.5954
217.5390	284.7238
217.0577	284.8596
216.5803	285.0082
216.1029	285.1568
215.6292	285.3167
215.1681	285.5100
214.7070	285.7035
214.2521	285.9110
213.7997	286.1239
213.3486	286.3395
212.8995	286.5594
212.4507	286.7797
212.0028	287.0020
211.5550	287.2244
211.1484	287.5154
210.7538	287.8225
210.3819	288.1567
210.0186	288.5002
209.6598	288.8484
209.3040	289.1997
208.9495	289.5523
208.6358	289.9417
208.3783	290.3703
208.1326	290.8057
207.8985	291.2476
207.6374	291.6740
207.3319	292.0698
206.8589	292.2320
206.3640	292.3029
205.8691	292.3738
205.3741	292.4448
204.8792	292.5157
204.3842	292.5866
203.8893	292.6576
203.3942	292.7277
202.8969	292.7796
202.3996	292.8315
201.9023	292.8835
201.4050	292.9354
200.9078	292.9874
200.4105	293.0393
199.9132	293.0913
199.4159	293.1432
198.9186	293.1952
198.4219	293.2528
197.9334	293.3595
197.4449	293.4661
196.9564	293.5728
196.4680	293.6795
195.9846	293.8076
195.5126	293.9723
195.0405	294.1370
194.5725	294.3131
194.1143	294.5133
193.6561	294.7134
193.2035	294.9260
192.7522	295.1412
192.2918	295.3361
191.8229	295.5098
191.3541	295.6835
190.8550	295.7132
190.3582	295.6561
189.8615	295.5990
189.3794	295.4665
188.9057	295.3063
188.4366	295.1335
187.9791	294.9317
187.5219	294.7293
187.1149	294.4388
186.7181	294.1346
186.3434	293.8035
185.9201	293.5374
185.4884	293.2852
185.0472	293.0499
184.6046	292.8174
184.1934	292.5329
183.7988	292.2259
183.4287	291.8896
183.0208	291.6004
182.5899	291.3470
182.1517	291.1061
181.7092	290.8733
181.2652	290.6433
180.8195	290.4167
180.3736	290.1906
179.9269	289.9660
179.4817	289.7383
179.0821	289.4378
178.6927	289.1241
178.3213	288.7895
177.9600	288.4438
177.6020	288.0947
177.2463	287.7433
176.8921	287.3905
176.5381	287.0374
176.1843	286.6840
175.8307	286.3305
175.4771	285.9770
175.0936	285.6562
174.6649	285.3989
174.2304	285.1514
173.7885	284.9174
173.3585	284.6623
172.9626	284.3569
172.5835	284.0310
172.2023	283.7074
171.7714	283.4538
171.3381	283.2043
170.8956	282.9714
170.4510	282.7427
169.9725	282.5977
169.4940	282.4527
169.0155	282.3077
168.5340	282.1728
168.0508	282.0444
167.5675	281.9161
167.0842	281.7878
166.5917	281.7018
166.0964	281.6335
165.6011	281.5652
165.1057	281.4970
164.6104	281.4287
164.1151	281.3604
163.6198	281.2922
163.1240	281.2274
162.6275	281.1685
162.1310	281.1095
161.6345	281.0505
161.1380	280.9915
160.6414	280.9326
160.1449	280.8736
159.6484	280.8146
159.1519	280.7556
158.6595	280.6687
158.1677	280.5788
157.6758	280.4889
157.1840	280.3990
156.6921	280.3092
156.2015	280.2129
155.7134	280.1042
155.2254	279.9955
154.7373	279.8868
154.2493	279.7782
153.7846	279.5937
153.3307	279.3839
152.8925	279.1431
152.4869	278.8508
152.0601	278.5903
151.6233	278.3470
151.1820	278.1118
150.7380	277.8820
150.3123	277.6198
149.9148	277.3165
149.5381	276.9876
149.1708	276.6484
148.8113	276.3009
148.4551	275.9500
148.1001	275.5978
147.7472	275.2437
147.4897	274.8151
147.2338	274.3855
146.9998	273.9437
146.7658	273.5018
146.4649	273.1025
146.1500	272.7141
145.8134	272.3444
145.4677	271.9831
145.1185	271.6253
144.7669	271.2698
144.4140	270.9155
144.0609	270.5616
143.7076	270.2078
143.3541	269.8542
143.0005	269.5006
142.6470	269.1470
142.2935	268.7935
141.9399	268.4399
141.5864	268.0864
141.2328	267.7328
140.8793	267.3793
140.5850	266.9750
140.3278	266.5463
140.0867	266.1082
139.8528	265.6663
139.6227	265.2224
139.3958	264.7769
139.1696	264.3309
138.9449	263.8843
138.7307	263.4325
138.5868	262.9536
138.4430	262.4748
138.2991	261.9959
138.1657	261.5140
138.0377	261.0307
137.9097	260.5474
137.7818	260.0640
137.6397	259.5846
137.4930	259.1066
137.3463	258.6286
137.1971	258.1514
137.0430	257.6758
136.8889	257.2001
136.7403	256.7227
136.6428	256.2323
136.5452	255.7419
136.4477	255.2515
136.3502	254.7611
136.2527	254.2707
136.1656	253.7783
136.0789	253.2859
135.9921	252.7935
135.9054	252.3011
135.8186	251.8087
135.7114	251.3203
135.5294	250.8546
135.3474	250.3889
135.1207	249.9432
134.8459	249.5256
134.5943	249.0934
134.3555	248.6541
134.1225	248.2118
133.8940	247.7670
133.7149	247.3002
133.6225	246.8088
133.5300	246.3174
133.4376	245.8261
133.3452	245.3347
133.2527	244.8433
133.1755	244.3493
133.0988	243.8552
133.0220	243.3611
132.9453	242.8671
132.8686	242.3730
132.7918	241.8789
132.6731	241.3932
132.5056	240.9221
132.3381	240.4510
132.1231	239.9996
131.8586	239.5753
131.5607	239.1737
131.2402	238.7899
130.8983	238.4251
130.5520	238.0644
130.2021	237.7073
129.8498	237.3524
129.4970	236.9982
129.1438	236.6443
128.7904	236.2906
128.4369	235.9370
128.0833	235.5834
127.7298	235.2298
127.3763	234.8763
126.9714	234.5828
126.5427	234.3256
126.1045	234.0847
125.6626	233.8508
125.2455	233.5751
124.8496	233.2697
124.4781	232.9351
124.5708	232.4438
124.9591	232.1287
125.3871	231.8702
125.8226	231.6246
126.2643	231.3903
126.7075	231.1588
127.1530	230.9318
127.5901	230.6890
127.9887	230.3872
128.3726	230.0668
128.7430	229.7310
129.1027	229.3837
129.4599	229.0338
129.8152	228.6821
130.1695	228.3292
130.5234	227.9760
130.8771	227.6226
131.2308	227.2691
131.4936	226.8438
131.7508	226.4150
131.9848	225.9731
132.2187	225.5313
132.4466	225.0862
132.6736	224.6407
132.8991	224.1944
133.1238	223.7478
133.3482	223.3009
133.5722	222.8539
133.7961	222.4069
134.0198	221.9597
134.2435	221.5126
134.3396	221.0219
134.4317	220.5304
134.5239	220.0390
134.6160	219.5476
134.7082	219.0561
134.7919	218.5632
134.8686	218.0691
134.9452	217.5750
135.0219	217.0809
135.0986	216.5868
135.1752	216.0928
135.2543	215.5990
135.4217	215.1279
135.5891	214.6567
135.7604	214.1870
136.0248	213.7626
136.2851	213.3357
136.5210	212.8949
136.7567	212.4539
136.9843	212.0087
137.2119	211.5636
137.5022	211.1564
137.8105	210.7628
138.1458	210.3919
138.4894	210.0287
138.8378	209.6700
139.1893	209.3144
139.5419	208.9599
139.8949	208.6059
140.2482	208.2521
140.6017	207.8985
140.9552	207.5448
141.2939	207.1770
141.5511	206.7482
141.8031	206.3164
142.0370	205.8745
142.2778	205.4362
142.5832	205.0403
142.9030	204.6560
143.2395	204.2862
143.5870	203.9267
143.9368	203.5694
144.2885	203.2141
144.6414	202.8599
145.0495	202.5710
145.4781	202.3135
145.9169	202.0737
146.3587	201.8396
146.8028	201.6100
147.2484	201.3830
147.6943	201.1569
148.1410	200.9322
148.5877	200.7076
149.0347	200.4836
149.4818	200.2597
149.9289	200.0359
150.3761	199.8122
150.7904	199.5324
151.1888	199.2302
151.5604	198.8957
151.9255	198.5540
152.2849	198.2064
152.6406	197.8550
152.9953	197.5026
153.3494	197.1497
153.7032	196.7964
154.0569	196.4429
154.4105	196.0894
154.7641	195.7359
155.1176	195.3823
155.4712	195.0288
155.8248	194.6752
156.1783	194.3217
156.4563	193.9061
156.7136	193.4774
156.9509	193.0373
157.1848	192.5954
157.4712	192.1855
157.7794	191.7918
158.1159	191.4220
158.4039	191.0132
158.6574	190.5823
158.8979	190.1439
159.1308	189.7015
159.3999	189.2801
159.7048	188.8838
160.0366	188.5097
160.3771	188.1436
160.7249	187.7843
161.0762	187.4286
161.4284	187.0737
161.7814	186.7195
162.1347	186.3658
162.4881	186.0121
162.8416	185.6585
163.1951	185.3049
163.5487	184.9513
163.9022	184.5978
164.2543	184.2428
164.5116	183.8140
164.7672	183.3843
165.0011	182.9424
165.2350	182.5005
165.4164	182.0346
165.5942	181.5672
165.7702	181.0992
165.9344	180.6270
166.0986	180.1547
166.2708	179.6853
166.5328	179.2594
166.8049	178.8400
167.1237	178.4547
167.4563	178.0815
167.8116	177.7296
168.2377	177.4680
168.6668	177.2113
169.1079	176.9759
169.5471	176.7370
169.9426	176.4311
170.3278	176.1123
170.6974	175.7756
171.0574	175.4286
171.4148	175.0789
171.7702	174.7272
172.1244	174.3743
172.4783	174.0211
172.8320	173.6677
173.1857	173.3142
173.4616	172.8972
173.7188	172.4685
173.9557	172.0282
174.1896	171.5863
174.4774	171.1774
174.7863	170.7842
175.1228	170.4144
175.4664	170.0512
175.8149	169.6926
176.1665	169.3371
176.5191	168.9827
176.8722	168.6286
177.2255	168.2748
177.5790	167.9212
177.9325	167.5676
178.2860	167.2140
178.6396	166.8605
178.9931	166.5069
179.3467	166.1533
179.7002	165.7998
180.1199	165.5280
180.5487	165.2708
180.9895	165.0349
181.4314	164.8010
181.8383	164.5104
182.2305	164.2003
182.6003	163.8637
182.9632	163.5197
183.3215	163.1711
183.6770	162.8195
184.0935	162.5427
184.5225	162.2859
184.9627	162.0488
185.4046	161.8150
185.8145	161.5286
186.2083	161.2205
186.5781	160.8840
186.9416	160.5406
187.3002	160.1922
187.6557	159.8406
188.0102	159.4880
188.3346	159.1076
188.5921	158.6790
188.8406	158.2451
189.0746	157.8032
189.3069	157.3604
189.5338	156.9149
189.7451	156.4618
189.6624	155.9686
189.5753	155.4763
189.3937	155.0104
189.2122	154.5445
189.4155	154.0877
189.6521	153.6473
190.1299	153.4998
190.6298	153.5076
191.1246	153.5799
191.6193	153.6522
192.1141	153.7244
192.6088	153.7967
193.1086	153.8132
193.6069	153.7731
194.1053	153.7330
194.6037	153.6929
195.1021	153.6528
195.6005	153.6126
196.0856	153.4915
196.5699	153.3672
197.0542	153.2428
197.5263	153.0782
197.9918	152.8956
198.4560	152.7098
198.9103	152.5010
199.3645	152.2921
199.8153	152.0758
200.2650	151.8572
200.7139	151.6370
201.1620	151.4151
201.6099	151.1929
202.0574	150.9698
202.5049	150.7468
202.9522	150.5234
203.3995	150.2999
203.8467	150.0764
204.2940	149.8529
204.7715	149.7047
205.2647	149.6225
205.7579	149.5403
206.2511	149.4581
206.7443	149.3759
207.2375	149.2937
207.7364	149.2607
208.2359	149.2834
208.7354	149.3062
209.2349	149.3289
209.7344	149.3516
210.2338	149.3743
210.7333	149.3970
211.2324	149.4282
211.7249	149.5144
212.2174	149.6006
212.7099	149.6867
213.2024	149.7729
213.6896	149.8855
214.1728	150.0140
214.6560	150.1425
215.1397	150.2691
215.6388	150.2986
216.1380	150.3281
216.6371	150.3577
217.1362	150.3872
217.6353	150.4167
218.1345	150.4462
218.6336	150.4757
219.1327	150.5052
219.6319	150.5347
220.1310	150.5643
220.6301	150.5938
221.1292	150.6233
221.6284	150.6528
222.1275	150.6823
222.6266	150.7118
223.1257	150.7413
223.6250	150.7680
224.1245	150.7918
224.6239	150.8156
225.1233	150.8393
225.6228	150.8631
226.1222	150.8869
226.6216	150.9107
227.1211	150.9344
227.6205	150.9582
228.1199	150.9820
228.6194	151.0058
229.1188	151.0296
229.6183	151.0533
230.1177	151.0771
230.6171	151.1009
231.1165	151.1247
231.6160	151.1485
232.1154	151.1722
232.6149	151.1960
233.1143	151.2198
233.6137	151.2436
234.1115	151.2905
234.6079	151.3503
235.1043	151.4102
235.6007	151.4700
236.0972	151.5298
236.5936	151.5896
237.0900	151.6494
237.5864	151.7092
238.0856	151.7380
238.5839	151.6973
239.0822	151.6566
239.5806	151.6159
240.0785	151.5704
240.5744	151.5065
241.0703	151.4425
241.5662	151.3785
242.0621	151.3145
242.5580	151.2506
243.0552	151.1983
243.5543	151.2288
244.0534	151.2592
244.5524	151.2897
245.0515	151.3201
245.5506	151.3506
246.0497	151.3810
246.5453	151.4466
247.0331	151.5565
247.5208	151.6665
248.0086	151.7765
248.4821	151.9372
248.9509	152.1111
249.4240	152.2729
249.9204	152.3323
250.4169	152.3917
250.9133	152.4511
251.4098	152.5105
251.9062	152.5700
252.4027	152.6294
252.8992	152.6888
253.3956	152.7482
253.8931	152.7986
254.3907	152.8477
254.8882	152.8968
255.3858	152.9459
255.8834	152.9950
256.3810	153.0441
256.8786	153.0932
257.3761	153.1423
257.8737	153.1914
258.3713	153.2406
258.8629	153.3322
259.3519	153.4363
259.8409	153.5404
260.3300	153.6445
260.8190	153.7486
261.2921	153.9106
261.7647	154.0737
262.2373	154.2368
262.6682	154.4904
263.0944	154.7520
263.4799	155.0704
263.8568	155.3990
264.2221	155.7403
264.5799	156.0895
264.9361	156.4405
265.2909	156.7928
265.6449	157.1458
265.9987	157.4991
266.3524	157.8526
266.7060	158.2061
267.0596	158.5596
267.4131	158.9132
267.7667	159.2667
268.1203	159.6203
268.4738	159.9738
268.8460	160.3076
269.2748	160.5649
269.7074	160.8157
270.1493	161.0496
270.5917	161.2825
271.0372	161.5095
271.4827	161.7365
271.9293	161.9613
272.3760	162.1861
272.7902	162.4660
273.1883	162.7686
273.5598	163.1033
273.9247	163.4450
274.2733	163.8035
274.5329	164.2308
274.7881	164.6608
275.0228	165.1023
275.2602	165.5423
275.5659	165.9380
275.8842	166.3236
276.2208	166.6933
276.5676	167.0535
276.9173	167.4109
277.2690	167.7663
277.6219	168.1205
277.9750	168.4744
278.3284	168.8281
278.6819	169.1818
279.0354	169.5354
279.3889	169.8889
279.7425	170.2425
280.0960	170.5960
280.4496	170.9496
280.8032	171.3031
281.1567	171.6567
281.5103	172.0103
281.8638	172.3638
282.2174	172.7174
282.5709	173.0709
282.9245	173.4245
283.2710	173.7849
283.5282	174.2137
283.7823	174.6443
284.0162	175.0862
284.2502	175.5281
284.5556	175.9240
284.8726	176.3107
285.2092	176.6804
285.4734	177.1049
285.7269	177.5359
285.9617	177.9773
286.1946	178.4198
286.4832	178.8281
286.7921	179.2213
287.1284	179.5912
287.4131	180.0023
287.6666	180.4332
287.9063	180.8720
288.1392	181.3145
288.4109	181.7342
288.7158	182.1305
289.0487	182.5036
289.3896	182.8693
289.7374	183.2286
290.0888	183.5842
290.4411	183.9390
290.7941	184.2932
291.1474	184.6470
291.5008	185.0006
291.8543	185.3542
292.2079	185.7078
292.4774	186.1290
292.7346	186.5577
292.9700	186.9988
293.2039	187.4407
293.4959	187.8466
293.8067	188.2383
294.1433	188.6080
294.4243	189.0216
294.6779	189.4525
294.8130	189.9339
294.8994	190.4264
294.9858	190.9189
295.2663	191.3328
295.5786	191.7232
295.6523	192.2178
295.7143	192.7139
295.7763	193.2101
